num_count,mean_coll,std_dev
0,0,0
1250,0,0
2500,0.05,0.00256495
3750,0,0
5000,0,0
6250,0,0
7500,0,0
8750,0,0
10000,0,0
11250,0.05,0.00256495
12500,0,0
13750,0,0
15000,0.05,0.00256495
16250,0.05,0.00256495
17500,0.1,0.00512989
18750,0,0
20000,0.05,0.00256495
21250,0.1,0.00512989
22500,0,0
23750,0.1,0.00512989
25000,0,0
26250,0.05,0.00256495
27500,0.25,0.0968246
28750,0.15,0.00769484
30000,0.05,0.00256495
31250,0.1,0.046169
32500,0.15,0.00769484
33750,0.3,0.074162
35000,0.15,0.00769484
36250,0.05,0.048734
37500,0.25,0.0128247
38750,0.15,0.00769484
40000,0.2,0.0978721
41250,0.15,0.0436041
42500,0.25,0.0128247
43750,0.2,0.0102598
45000,0.3,0.0872082
46250,0.25,0.0128247
47500,0.2,0.0102598
48750,0.4,0.0753937
50000,0.45,0.105163
51250,0.15,0.00769484
52500,0.5,0.128247
53750,0.35,0.0747364
55000,0.45,0.0230845
56250,0.45,0.105163
57500,0.6,0.13917
58750,0.35,0.0747364
60000,0.4,0.10463
61250,0.7,0.0809483
62500,0.65,0.143477
63750,0.35,0.0747364
65000,0.4,0.127321
66250,0.75,0.0736725
67500,0.5,0.0769484
68750,0.65,0.0611835
70000,0.65,0.0906482
71250,0.6,0.13917
72500,0.6,0.0940325
73750,0.8,0.119649
75000,0.7,0.0809483
76250,0.25,0.126309
77500,0.65,0.094903
78750,0.95,0.0888893
80000,0.35,0.0798436
81250,0.8,0.185245
82500,1.05,0.145118
83750,0.65,0.165613
85000,0.95,0.10263
86250,1,0.217643
87500,1.05,0.286092
88750,0.95,0.176981
90000,0.95,0.154771
91250,0.8,0.167332
92500,0.65,0.13976
93750,1,0.229416
95000,0.85,0.162404
96250,1.35,0.24827
97500,1,0.229416
98750,1.55,0.106407
