num_count,mean_coll,std_dev
0,0,0
1250,0,0
2500,0,0
3750,0,0
5000,0,0
6250,0,0
7500,0,0
8750,0,0
10000,0,0
11250,0.05,0.048734
12500,0,0
13750,0,0
15000,0,0
16250,0.1,0.00512989
17500,0.05,0.00256495
18750,0,0
20000,0.05,0.00256495
21250,0,0
22500,0.05,0.00256495
23750,0,0
25000,0,0
26250,0.15,0.0436041
27500,0.05,0.00256495
28750,0.1,0.00512989
30000,0,0
31250,0.2,0.0894427
32500,0.25,0.0897731
33750,0.15,0.094903
35000,0.25,0.0128247
36250,0.2,0.0102598
37500,0.2,0.0894427
38750,0.1,0.0890003
40000,0.15,0.00769484
41250,0.05,0.00256495
42500,0.2,0.0978721
43750,0.2,0.0102598
45000,0.4,0.0753937
46250,0.15,0.0436041
47500,0.15,0.0436041
48750,0.35,0.0179546
50000,0.25,0.0128247
51250,0.3,0.0153897
52500,0.25,0.0128247
53750,0.55,0.106407
55000,0.4,0.10463
56250,0.35,0.0747364
57500,0.45,0.0778409
58750,0.5,0.105755
60000,0.5,0.206793
61250,0.65,0.136907
62500,0.4,0.10463
63750,0.5,0.0769484
65000,0.35,0.104157
66250,0.4,0.0753937
67500,0.6,0.0788069
68750,0.65,0.0798436
70000,0.75,0.181822
71250,0.6,0.107115
72500,0.5,0.105755
73750,0.65,0.10788
75000,0.5,0.128247
76250,0.45,0.0778409
77500,0.8,0.167332
78750,0.45,0.0761318
80000,0.55,0.163856
81250,0.8,0.132188
82500,0.7,0.126595
83750,0.5,0.193649
85000,0.7,0.0901753
86250,0.75,0.131414
87500,0.8,0.227342
88750,1.15,0.322501
90000,1.25,0.25424
91250,1.3,0.173887
92500,0.8,0.159275
93750,0.7,0.170834
95000,1.05,0.190584
96250,1.05,0.126725
97500,1.15,0.24237
98750,1.05,0.224209
