num_count,mean_coll,std_dev
0,0,0
1250,0,0
2500,0.4,0.0753937
3750,0.85,0.0891849
5000,1.8,0.207998
6250,3.05,0.359102
7500,4.2,0.435407
8750,5.7,0.431308
10000,7.75,0.563267
11250,8.3,0.581038
12500,12.35,0.906733
13750,13.1,0.591185
15000,17.25,0.861551
16250,20.45,1.05207
17500,23.8,1.03217
18750,25.25,1.17211
20000,28.7,1.28523
21250,32.8,1.01182
22500,36.55,1.56676
23750,41.95,1.2213
25000,47.65,1.80724
26250,49.75,1.37846
27500,55.4,1.19027
28750,65.7,1.69666
30000,70.35,1.87899
31250,72.2,1.05885
32500,77.85,1.86873
33750,85.05,1.73615
35000,88.35,1.94275
36250,99.8,1.97633
37500,100.55,2.26193
38750,113.9,1.63933
40000,121.9,2.80479
41250,123.8,1.9851
42500,130.85,3.33207
43750,141.05,2.67626
45000,151.45,2.35551
46250,161.15,2.09078
47500,164.3,3.19716
48750,175.9,3.57079
50000,186.05,2.55173
51250,196.2,2.53462
52500,206.9,3.86659
53750,216.9,3.11685
55000,231.15,3.89089
56250,231.25,3.51035
57500,243.35,4.02637
58750,248.05,3.29294
60000,257.35,3.36222
61250,282.05,3.97601
62500,287.05,3.75019
63750,297,3.40356
65000,312.35,3.89092
66250,323.5,3.85468
67500,333.15,3.49467
68750,348.5,4.94981
70000,364.75,4.12009
71250,373,3.30868
72500,391.65,3.99938
73750,399.75,4.437
75000,413.3,3.82082
76250,428,4.06008
77500,442.8,3.44675
78750,461.85,5.32218
80000,477,4.57223
81250,483.6,5.19224
82500,505.05,4.20761
83750,514.1,5.43328
85000,532.75,4.29751
86250,549.95,4.38994
87500,565.6,6.48938
88750,581.5,5.11094
90000,598.85,5.22769
91250,609.15,4.33193
92500,637,3.442
93750,643.3,5.88895
95000,672.35,4.93874
96250,686.65,6.05386
97500,700.65,5.07564
98750,721.35,6.71289
