num_count,mean_coll,std_dev
0,0,0
1250,0,0
2500,0,0
3750,0,0
5000,0,0
6250,0,0
7500,0.05,0.048734
8750,0,0
10000,0,0
11250,0,0
12500,0.15,0.00769484
13750,0,0
15000,0.05,0.00256495
16250,0.05,0.00256495
17500,0.15,0.0891849
18750,0.1,0.0890003
20000,0.05,0.00256495
21250,0.2,0.0102598
22500,0.25,0.0128247
23750,0.1,0.046169
25000,0.05,0.00256495
26250,0.15,0.00769484
27500,0.25,0.0128247
28750,0,0
30000,0.1,0.00512989
31250,0.45,0.107636
32500,0.3,0.0809483
33750,0.25,0.0384742
35000,0.1,0.00512989
36250,0.5,0.105755
37500,0.45,0.0761318
38750,0.6,0.0788069
40000,0.5,0.128247
41250,0.65,0.253515
42500,0.4,0.0753937
43750,0.55,0.128785
45000,0.85,0.125892
46250,0.5,0.0256495
47500,0.55,0.147813
48750,0.9,0.177779
50000,0.7,0.074162
51250,0.95,0.256507
52500,0.6,0.187504
53750,0.75,0.109575
55000,0.65,0.126932
56250,1.2,0.150787
57500,0.95,0.125682
58750,1,0.205196
60000,1.1,0.171756
61250,1.4,0.230332
62500,1.05,0.218262
63750,0.95,0.10263
65000,1.25,0.223974
66250,1.25,0.24367
67500,0.95,0.134776
68750,1.3,0.196616
70000,1.6,0.20105
71250,1.65,0.276836
72500,2.7,0.350526
73750,1.45,0.262089
75000,1.75,0.249011
76250,1.75,0.312303
77500,1.8,0.277394
78750,1.9,0.211573
80000,1.45,0.231713
81250,2.1,0.303532
82500,2.05,0.266075
83750,1.65,0.18583
85000,2.45,0.349068
86250,2.35,0.24827
87500,2.5,0.252618
88750,2.35,0.348389
90000,2.85,0.31922
91250,3.2,0.427477
92500,2.65,0.239091
93750,2.95,0.307376
95000,2.25,0.305918
96250,2.95,0.286092
97500,3.45,0.359834
98750,3.5,0.30886
