num_count,mean_coll,std_dev
0,0,0
1250,0,0
2500,0,0
3750,0,0
5000,0,0
6250,0,0
7500,0,0
8750,0,0
10000,0,0
11250,0.1,0.00512989
12500,0,0
13750,0,0
15000,0,0
16250,0.05,0.00256495
17500,0.05,0.00256495
18750,0,0
20000,0,0
21250,0.1,0.046169
22500,0.25,0.0128247
23750,0.05,0.00256495
25000,0.05,0.00256495
26250,0.1,0.00512989
27500,0.1,0.00512989
28750,0.15,0.0891849
30000,0.1,0.00512989
31250,0.2,0.0102598
32500,0.05,0.00256495
33750,0.1,0.00512989
35000,0.2,0.0102598
36250,0.05,0.048734
37500,0.35,0.0179546
38750,0.25,0.0384742
40000,0.2,0.0102598
41250,0.05,0.00256495
42500,0.25,0.126309
43750,0.2,0.0102598
45000,0.1,0.00512989
46250,0.25,0.0128247
47500,0.25,0.0128247
48750,0.2,0.0410391
50000,0.2,0.0894427
51250,0.35,0.0179546
52500,0.4,0.0205196
53750,0.3,0.0809483
55000,0.15,0.00769484
56250,0.45,0.106407
57500,0.45,0.105163
58750,0.65,0.148877
60000,0.4,0.0753937
61250,0.3,0.074162
62500,0.3,0.136594
63750,0.6,0.129371
65000,0.15,0.0436041
66250,0.65,0.0543502
67500,0.55,0.0761318
68750,0.7,0.0958343
70000,0.35,0.104157
71250,0.4,0.129371
72500,0.3,0.074162
73750,0.5,0.128247
75000,0.8,0.175019
76250,0.75,0.0736725
77500,0.95,0.114737
78750,1.1,0.177779
80000,0.75,0.109575
81250,0.6,0.088258
82500,0.7,0.170834
83750,1.25,0.246355
85000,0.6,0.0788069
86250,0.6,0.091191
87500,0.7,0.170834
88750,0.6,0.129371
90000,1.05,0.184979
91250,1.05,0.251848
92500,0.95,0.146022
93750,0.75,0.141072
95000,0.9,0.207808
96250,0.9,0.206538
97500,0.85,0.125892
98750,1.15,0.170313
