num_count,mean_coll,std_dev
0,0,0
1250,0,0
2500,0.05,0.00256495
3750,0.05,0.00256495
5000,0,0
6250,0.1,0.0890003
7500,0.1,0.00512989
8750,0.1,0.00512989
10000,0.15,0.00769484
11250,0.35,0.0747364
12500,0.6,0.0940325
13750,0.9,0.192012
15000,0.85,0.102886
16250,0.65,0.18583
17500,1.25,0.141072
18750,1.05,0.184979
20000,0.9,0.143362
21250,1.2,0.139925
22500,1.4,0.153554
23750,1.7,0.289691
25000,1.85,0.240736
26250,2.15,0.324534
27500,2.35,0.322092
28750,2,0.290191
30000,3.1,0.452508
31250,3.2,0.281163
32500,3.85,0.404001
33750,3.4,0.368353
35000,3.7,0.580585
36250,3.4,0.462146
37500,4.05,0.463688
38750,4.9,0.343396
40000,5,0.458831
41250,4.95,0.555599
42500,5.3,0.414507
43750,6.05,0.563127
45000,5.3,0.557461
46250,5.35,0.665548
47500,6.6,0.403798
48750,6.7,0.519843
50000,6.6,0.476169
51250,7.5,0.624605
52500,7.7,0.531359
53750,8.35,0.657992
55000,7.9,0.57995
56250,9.4,0.734059
57500,9.85,0.581112
58750,9.85,0.635201
60000,9.65,0.722427
61250,12.1,0.919682
62500,11.05,0.606766
63750,10.95,0.751844
65000,11.15,0.590099
66250,13,0.652929
67500,12.75,0.560926
68750,11.5,0.665405
70000,13.85,0.816801
71250,13.95,0.721662
72500,16.6,0.877736
73750,17.75,1.22749
75000,16.35,0.839208
76250,16.85,0.657992
77500,16.55,0.907284
78750,17,0.707107
80000,19,0.784723
81250,16.65,0.923698
82500,19.65,0.761098
83750,20.1,0.975503
85000,21.75,1.17155
86250,20.15,0.920272
87500,21.8,1.26412
88750,22,0.989418
90000,23.45,1.30304
91250,24.55,1.09377
92500,23.55,1.38431
93750,23.85,0.881271
95000,23.8,1.11502
96250,26.2,1.14368
97500,28.9,1.52057
98750,28.55,1.22109
