num_count,mean_coll,std_dev
0,0,0
1250,0,0
2500,0,0
3750,0.05,0.00256495
5000,0,0
6250,0,0
7500,0,0
8750,0,0
10000,0,0
11250,0,0
12500,0.05,0.00256495
13750,0,0
15000,0,0
16250,0.05,0.00256495
17500,0.05,0.00256495
18750,0,0
20000,0,0
21250,0.05,0.00256495
22500,0,0
23750,0.2,0.0894427
25000,0,0
26250,0.1,0.00512989
27500,0.1,0.00512989
28750,0,0
30000,0.15,0.00769484
31250,0.2,0.0102598
32500,0,0
33750,0.05,0.00256495
35000,0.05,0.00256495
36250,0.15,0.0436041
37500,0.05,0.00256495
38750,0.15,0.0436041
40000,0.15,0.0891849
41250,0.3,0.154664
42500,0.3,0.074162
43750,0.05,0.00256495
45000,0.15,0.00769484
46250,0.3,0.074162
47500,0.25,0.136329
48750,0.35,0.0333443
50000,0.2,0.0894427
51250,0.35,0.104157
52500,0.35,0.0747364
53750,0.2,0.0102598
55000,0.05,0.00256495
56250,0.25,0.0897731
57500,0.25,0.136329
58750,0.45,0.0761318
60000,0.2,0.0894427
61250,0.4,0.0307794
62500,0.35,0.0179546
63750,0.7,0.103746
65000,0.45,0.128785
66250,0.4,0.150088
67500,0.6,0.13917
68750,0.5,0.0769484
70000,0.8,0.0894427
71250,0.65,0.0798436
72500,0.7,0.0535576
73750,0.95,0.255994
75000,0.7,0.181296
76250,0.75,0.131414
77500,0.6,0.186096
78750,0.65,0.165613
80000,0.8,0.119649
81250,0.55,0.127759
82500,0.8,0.132188
83750,0.85,0.190031
85000,0.65,0.100296
86250,1.15,0.125892
87500,1.4,0.148324
88750,0.8,0.167332
90000,1.25,0.3841
91250,0.85,0.196833
92500,1.25,0.221017
93750,0.55,0.147813
95000,1.15,0.182976
96250,1.45,0.207126
97500,0.8,0.10311
98750,1.35,0.284339
