num_count,mean_coll,std_dev
0,0,0
1250,0,0
2500,0,0
3750,0,0
5000,0,0
6250,0,0
7500,0,0
8750,0,0
10000,0,0
11250,0.05,0.00256495
12500,0.05,0.00256495
13750,0.05,0.00256495
15000,0.05,0.00256495
16250,0,0
17500,0,0
18750,0,0
20000,0.05,0.00256495
21250,0.05,0.00256495
22500,0,0
23750,0,0
25000,0.15,0.0891849
26250,0,0
27500,0,0
28750,0.15,0.00769484
30000,0,0
31250,0.15,0.0436041
32500,0.1,0.00512989
33750,0.1,0.00512989
35000,0.15,0.00769484
36250,0.25,0.0897731
37500,0.3,0.074162
38750,0.25,0.0128247
40000,0.2,0.0894427
41250,0.15,0.00769484
42500,0.3,0.074162
43750,0.15,0.00769484
45000,0.25,0.0128247
46250,0.15,0.00769484
47500,0.2,0.0102598
48750,0.2,0.0102598
50000,0.3,0.0153897
51250,0.3,0.074162
52500,0.4,0.0753937
53750,0.25,0.0128247
55000,0.4,0.0307794
56250,0.55,0.105163
57500,0.6,0.137267
58750,0.35,0.104157
60000,0.35,0.104157
61250,0.8,0.154238
62500,0.45,0.0778409
63750,0.7,0.151223
65000,0.6,0.116529
66250,0.35,0.0179546
67500,0.45,0.0761318
68750,0.5,0.0769484
70000,0.8,0.205452
71250,0.7,0.140394
72500,0.6,0.0598243
73750,0.7,0.0958343
75000,0.9,0.114823
76250,1.1,0.300044
77500,0.65,0.094903
78750,0.55,0.128785
80000,1,0.280976
81250,0.65,0.0906482
82500,0.7,0.0809483
83750,1,0.229416
85000,1.1,0.179253
86250,0.95,0.146022
87500,1.05,0.211526
88750,0.85,0.159955
90000,0.85,0.182976
91250,1.15,0.138815
92500,1.1,0.179253
93750,1.35,0.171084
95000,0.75,0.141072
96250,1,0.217643
97500,1.15,0.192097
98750,0.6,0.129371
