num_count,mean_coll,std_dev
0,0,0
1250,0,0
2500,0.1,0.046169
3750,0.1,0.00512989
5000,0.1,0.00512989
6250,0,0
7500,0.35,0.126932
8750,0.3,0.074162
10000,0.5,0.147345
11250,0.4,0.148324
12500,0.3,0.0153897
13750,0.4,0.0205196
15000,0.95,0.20457
16250,0.85,0.0891849
17500,1.05,0.311628
18750,1,0.290191
20000,1,0.191943
21250,1.15,0.106654
22500,1.1,0.174793
23750,1.6,0.307622
25000,1.4,0.198415
26250,2.05,0.320372
27500,2.25,0.25424
28750,2.7,0.295091
30000,2.7,0.254899
31250,3.05,0.407181
32500,3,0.340279
33750,3.15,0.338038
35000,3.25,0.326716
36250,4.15,0.349144
37500,4.3,0.310729
38750,4.2,0.439018
40000,4.4,0.361139
41250,5.25,0.611432
42500,5.35,0.460327
43750,5.4,0.481664
45000,5.45,0.429205
46250,6.45,0.596045
47500,6.45,0.456539
48750,7.2,0.355557
50000,7.2,0.455493
51250,8.05,0.546044
52500,6.9,0.685201
53750,9.35,0.589653
55000,7.95,0.730722
56250,9.25,0.684533
57500,10.1,0.608298
58750,10.5,0.616121
60000,10.4,0.757697
61250,11.3,0.843068
62500,11.4,0.527057
63750,12,0.538028
65000,11.25,0.716465
66250,13,0.644817
67500,14.05,0.948964
68750,12.6,0.729383
70000,12.8,0.672466
71250,13.55,0.776975
72500,15.3,0.851454
73750,14.35,0.807078
75000,15.8,0.907338
76250,15.7,1.07249
77500,16.65,0.873171
78750,18.5,0.943468
80000,17.25,1.00533
81250,19.4,0.800921
82500,20.15,1.12884
83750,19.45,1.05469
85000,20.15,1.1494
86250,21.75,0.778092
87500,20.75,0.850019
88750,23.3,1.05542
90000,23.45,0.989421
91250,23.95,0.776637
92500,21.95,1.0046
93750,26.65,1.44443
95000,25.4,1.24727
96250,25,1.36305
97500,27.85,1.60117
98750,26.3,1.05293
