num_count,mean_coll,std_dev
0,0,0
1250,0,0
2500,0,0
3750,0,0
5000,0,0
6250,0,0
7500,0,0
8750,0,0
10000,0.05,0.00256495
11250,0,0
12500,0.05,0.00256495
13750,0,0
15000,0,0
16250,0,0
17500,0.05,0.00256495
18750,0.05,0.00256495
20000,0,0
21250,0,0
22500,0.15,0.00769484
23750,0.1,0.00512989
25000,0,0
26250,0.05,0.048734
27500,0.1,0.046169
28750,0.1,0.00512989
30000,0.15,0.00769484
31250,0.05,0.00256495
32500,0.05,0.048734
33750,0.05,0.00256495
35000,0.15,0.00769484
36250,0.15,0.00769484
37500,0.2,0.0102598
38750,0.2,0.0102598
40000,0.15,0.00769484
41250,0.15,0.00769484
42500,0.2,0.0102598
43750,0.35,0.13976
45000,0.25,0.0897731
46250,0.3,0.0809483
47500,0.25,0.0897731
48750,0.45,0.105163
50000,0.3,0.136594
51250,0.4,0.0307794
52500,0.3,0.0153897
53750,0.35,0.0747364
55000,0.1,0.00512989
56250,0.1,0.046169
57500,0.25,0.0897731
58750,0.6,0.088258
60000,0.65,0.119456
61250,0.6,0.0753937
62500,0.3,0.1087
63750,0.2,0.0102598
65000,0.4,0.0753937
66250,0.3,0.0153897
67500,0.7,0.0809483
68750,0.35,0.136907
70000,0.25,0.0128247
71250,0.35,0.0333443
72500,0.5,0.0256495
73750,0.85,0.167979
75000,0.6,0.153554
76250,0.75,0.126309
77500,0.9,0.153982
78750,0.85,0.162404
80000,1.25,0.24367
81250,0.8,0.108094
82500,0.9,0.105257
83750,0.8,0.115166
85000,0.8,0.150787
86250,0.3,0.0809483
87500,0.9,0.145186
88750,0.85,0.102886
90000,0.7,0.0809483
91250,1.1,0.155682
92500,0.5,0.128247
93750,0.6,0.102084
95000,1.1,0.135821
96250,0.65,0.133992
97500,1.15,0.291649
98750,1.25,0.185405
