num_count,mean_coll,std_dev
0,0,0
1250,0,0
2500,0,0
3750,0,0
5000,0,0
6250,0,0
7500,0,0
8750,0.05,0.00256495
10000,0,0
11250,0,0
12500,0,0
13750,0,0
15000,0.05,0.00256495
16250,0,0
17500,0,0
18750,0.05,0.00256495
20000,0.1,0.00512989
21250,0.15,0.0436041
22500,0.05,0.048734
23750,0.05,0.00256495
25000,0.1,0.00512989
26250,0.2,0.0102598
27500,0,0
28750,0,0
30000,0.2,0.0102598
31250,0.15,0.00769484
32500,0.1,0.00512989
33750,0.05,0.00256495
35000,0.1,0.00512989
36250,0.15,0.00769484
37500,0.2,0.0102598
38750,0.05,0.00256495
40000,0.05,0.00256495
41250,0.15,0.00769484
42500,0.1,0.00512989
43750,0.15,0.0436041
45000,0.3,0.074162
46250,0.3,0.074162
47500,0.4,0.0205196
48750,0.1,0.00512989
50000,0.35,0.0179546
51250,0.35,0.0179546
52500,0.15,0.00769484
53750,0.3,0.0153897
55000,0.25,0.0128247
56250,0.3,0.0359092
57500,0.35,0.0179546
58750,0.25,0.0128247
60000,0.45,0.0230845
61250,0.45,0.105163
62500,0.55,0.127759
63750,0.55,0.106407
65000,0.8,0.0978721
66250,0.2,0.0102598
67500,0.25,0.0128247
68750,0.7,0.145909
70000,0.75,0.103396
71250,0.25,0.0128247
72500,0.8,0.0894427
73750,0.7,0.17837
75000,0.5,0.105755
76250,0.7,0.149473
77500,0.85,0.135942
78750,0.8,0.139925
80000,0.55,0.127759
81250,0.85,0.229545
82500,0.95,0.20457
83750,0.65,0.173376
85000,0.7,0.074162
86250,1,0.217643
87500,0.95,0.125682
88750,1,0.162221
90000,1.15,0.220182
91250,0.85,0.111479
92500,0.7,0.136594
93750,1.3,0.145909
95000,1.05,0.223622
96250,1.7,0.214537
97500,1,0.191943
98750,0.85,0.135942
