num_count,mean_coll,std_dev
0,0,0
3000,0,0
6000,0,0
9000,0.1,0.00512989
12000,0,0
15000,0.05,0.00256495
18000,0.1,0.00512989
21000,0,0
24000,0.1,0.00512989
27000,0.1,0.00512989
30000,0,0
33000,0.15,0.00769484
36000,0.15,0.00769484
39000,0.25,0.0128247
42000,0.1,0.00512989
45000,0.4,0.0788069
48000,0.3,0.0153897
51000,0.2,0.0894427
54000,0.4,0.0307794
57000,0.5,0.0769484
60000,0.65,0.18583
63000,0.35,0.0179546
66000,0.6,0.088258
69000,0.75,0.109575
72000,0.85,0.122716
75000,0.6,0.102084
78000,0.8,0.165752
81000,0.65,0.112653
84000,1.15,0.172615
87000,0.5,0.0769484
90000,0.8,0.126074
93000,1.05,0.198033
96000,0.9,0.198746
99000,1.35,0.119456
102000,0.95,0.146022
105000,1.3,0.166148
108000,1.15,0.20534
111000,1.95,0.217053
114000,1.7,0.188414
117000,2.05,0.402631
120000,2.25,0.266865
123000,1.85,0.203408
126000,2.25,0.368362
129000,1.85,0.25661
132000,2.05,0.261083
135000,1.85,0.35438
138000,1.95,0.291107
141000,2.65,0.306605
144000,2.8,0.348833
147000,2.65,0.334517
