num_count,mean_coll,std_dev
0,0,0
3000,0.6,0.0788069
6000,2.25,0.276551
9000,6.5,0.692535
12000,9.45,0.825263
15000,16,0.743392
18000,23.3,1.29705
21000,31.7,1.10417
24000,40.15,1.49949
27000,54.2,1.26308
30000,65.55,1.80007
33000,78.4,1.69796
36000,98.05,2.21977
39000,111.75,1.95681
42000,134.1,2.18885
45000,153.25,3.25013
48000,168.95,2.44454
51000,193.05,3.94422
54000,210.15,2.62715
57000,241.2,3.14435
60000,276.45,3.77823
63000,295.5,3.91093
66000,320.2,3.43919
69000,350.2,3.82383
72000,393.75,3.30014
75000,411.75,4.18253
78000,452.05,2.57222
81000,476.35,5.72014
84000,520.85,5.66246
87000,560.55,4.85118
90000,598.45,6.34987
93000,636.5,5.83552
96000,676.2,6.973
99000,716.65,6.34164
102000,775.35,8.14024
105000,813.3,7.15426
108000,857.9,7.59498
111000,920.35,6.90729
114000,971.2,4.48337
117000,1003.8,7.47199
120000,1072.6,6.7765
123000,1111.85,6.03841
126000,1174.9,6.91532
129000,1236.6,6.153
132000,1275.95,9.96217
135000,1347.45,5.62597
138000,1390.3,9.85082
141000,1464.95,10.6203
144000,1527.55,6.79396
147000,1593,11.2823
