num_count,mean_coll,std_dev
0,0,0
3000,0,0
6000,0,0
9000,0,0
12000,0,0
15000,0,0
18000,0.1,0.00512989
21000,0.05,0.00256495
24000,0.35,0.0747364
27000,0.35,0.0179546
30000,0.25,0.0897731
33000,0.1,0.0974679
36000,0.2,0.0894427
39000,0.45,0.127759
42000,0.45,0.0761318
45000,0.6,0.0598243
48000,0.65,0.112653
51000,0.45,0.0795133
54000,1.25,0.2882
57000,1.25,0.199093
60000,0.9,0.114823
63000,1.2,0.230788
66000,0.9,0.0890003
69000,1.4,0.254227
72000,1.15,0.164816
75000,1.4,0.217401
78000,1.8,0.274533
81000,1.35,0.228395
84000,1.9,0.312081
87000,3.2,0.369352
90000,2.15,0.258653
93000,2.7,0.350526
96000,2.4,0.338573
99000,3.35,0.396772
102000,2.85,0.337649
105000,3.9,0.434105
108000,3.7,0.461947
111000,3.55,0.373823
114000,3,0.528155
117000,4.05,0.478766
120000,3.6,0.391219
123000,4.6,0.530541
126000,4.35,0.366787
129000,4.75,0.4025
132000,5.1,0.338767
135000,5.05,0.562425
138000,5.25,0.420096
141000,5.75,0.397567
144000,6.75,0.696915
147000,5.95,0.369575
