num_count,mean_coll,std_dev
0,0,0
3000,0,0
6000,0,0
9000,0.05,0.00256495
12000,0,0
15000,0,0
18000,0.1,0.00512989
21000,0.05,0.00256495
24000,0.05,0.00256495
27000,0.1,0.00512989
30000,0.05,0.048734
33000,0.15,0.00769484
36000,0.15,0.00769484
39000,0.15,0.00769484
42000,0.25,0.0128247
45000,0.45,0.0778409
48000,0.3,0.0153897
51000,0.1,0.00512989
54000,0.35,0.0333443
57000,0.35,0.0798436
60000,0.4,0.0205196
63000,0.45,0.106407
66000,0.5,0.0769484
69000,0.55,0.147813
72000,0.25,0.0897731
75000,0.45,0.0230845
78000,0.65,0.0906482
81000,0.85,0.102886
84000,0.65,0.179345
87000,1.15,0.170313
90000,0.95,0.146022
93000,1.25,0.15011
96000,0.75,0.120988
99000,1.25,0.226893
102000,1.1,0.179253
105000,1.15,0.20534
108000,1.35,0.173376
111000,1.4,0.150088
114000,1.2,0.170448
117000,1.5,0.325455
120000,1.6,0.221002
123000,1.45,0.253411
126000,1.6,0.278908
129000,1.75,0.290474
132000,2.3,0.314935
135000,2.05,0.324047
138000,2.6,0.313553
141000,2.35,0.349897
144000,2.45,0.334438
147000,2.45,0.429818
