num_count,mean_coll,std_dev
0,0,0
3000,0.05,0.00256495
6000,0.1,0.00512989
9000,0.55,0.106407
12000,0.75,0.0641236
15000,1,0.177705
18000,1.05,0.198696
21000,1.1,0.2213
24000,1.4,0.229186
27000,1.95,0.373118
30000,2.55,0.22066
33000,3.15,0.342677
36000,4.5,0.404742
39000,4,0.423022
42000,5.85,0.488614
45000,5.5,0.391522
48000,5.75,0.474515
51000,7.1,0.381169
54000,7.9,0.476307
57000,10.25,0.798951
60000,10.3,0.71725
63000,11.5,0.677165
66000,12.2,0.79842
69000,13.95,1.15177
72000,15.1,0.996058
75000,16,0.830346
78000,17.35,1.03761
81000,18.6,1.1276
84000,19.1,0.784404
87000,22.3,0.918652
90000,23.05,0.813703
93000,25.85,0.933897
96000,25.95,1.21331
99000,27.65,0.959609
102000,29.55,1.14156
105000,31.45,1.37573
108000,33.65,1.2828
111000,37.05,1.1791
114000,37.55,1.28432
117000,39.25,1.84752
120000,40.45,1.34712
123000,40.35,1.25721
126000,44.95,1.62359
129000,49.2,1.38871
132000,49.9,2.02576
135000,52.2,1.92055
138000,56.75,1.54499
141000,56.3,1.79933
144000,57.65,1.70473
147000,60.35,1.68486
