num_count,mean_coll,std_dev
0,0,0
3000,0,0
6000,0,0
9000,0.05,0.00256495
12000,0,0
15000,0,0
18000,0,0
21000,0.05,0.00256495
24000,0.1,0.00512989
27000,0.1,0.00512989
30000,0.15,0.00769484
33000,0.05,0.00256495
36000,0.05,0.00256495
39000,0.15,0.0436041
42000,0.05,0.00256495
45000,0.15,0.0436041
48000,0.4,0.0820783
51000,0.35,0.0179546
54000,0.4,0.10463
57000,0.45,0.0778409
60000,0.5,0.0769484
63000,0.45,0.127759
66000,0.5,0.147345
69000,0.55,0.128785
72000,0.55,0.106407
75000,0.55,0.164657
78000,0.75,0.0968246
81000,1.1,0.179253
84000,0.65,0.10788
87000,0.6,0.0598243
90000,1.1,0.153982
93000,0.85,0.133007
96000,1,0.191943
99000,1.15,0.102886
102000,1.4,0.13917
105000,1.05,0.211526
108000,1.55,0.352444
111000,1.35,0.242913
114000,1.65,0.24827
117000,2.1,0.321223
120000,1.15,0.229545
123000,1.7,0.301269
126000,1.6,0.26537
129000,2,0.229416
132000,2.5,0.30886
135000,2.25,0.281268
138000,1.6,0.313553
141000,2.25,0.303759
144000,2.9,0.362048
147000,1.85,0.300537
