num_count,mean_coll,std_dev
0,0,0
3000,0,0
6000,0,0
9000,0,0
12000,0.05,0.00256495
15000,0,0
18000,0,0
21000,0,0
24000,0.15,0.00769484
27000,0.15,0.00769484
30000,0.2,0.0410391
33000,0.1,0.00512989
36000,0.05,0.048734
39000,0.15,0.00769484
42000,0.2,0.0894427
45000,0.1,0.046169
48000,0.35,0.104157
51000,0.45,0.0761318
54000,0.25,0.0384742
57000,0.15,0.0891849
60000,0.35,0.104157
63000,0.5,0.128247
66000,0.55,0.125682
69000,0.5,0.128247
72000,0.6,0.107115
75000,0.9,0.152264
78000,0.6,0.0940325
81000,0.6,0.13917
84000,0.75,0.141072
87000,0.7,0.098542
90000,0.8,0.141793
93000,1.15,0.198829
96000,1.05,0.197368
99000,1.5,0.262829
102000,1.15,0.20534
105000,1.35,0.24827
108000,1.5,0.333443
111000,1.2,0.170448
114000,1.7,0.199275
117000,1.55,0.247102
120000,1.5,0.262829
123000,2.05,0.280519
126000,2.05,0.324858
129000,1.3,0.145909
132000,2.45,0.39803
135000,2.3,0.312418
138000,1.7,0.248628
141000,2.6,0.266359
144000,2.1,0.251365
147000,2.05,0.266569
