num_count,mean_coll,std_dev
0,0,0
3000,0,0
6000,0.1,0.00512989
9000,0.15,0.00769484
12000,0.35,0.0333443
15000,0.15,0.0436041
18000,0.8,0.115166
21000,1.1,0.163916
24000,1.7,0.322368
27000,2.25,0.299396
30000,2.6,0.419147
33000,2.8,0.324605
36000,4.65,0.386695
39000,4.3,0.327229
42000,5.3,0.376584
45000,6.45,0.661741
48000,6.6,0.527556
51000,7.95,0.775789
54000,9.1,0.674751
57000,9.6,0.769757
60000,10.15,0.687334
63000,11.25,0.790673
66000,10.2,0.902103
69000,13.25,0.881927
72000,14.05,0.960814
75000,15.25,0.943206
78000,16.45,0.980068
81000,18.55,0.917667
84000,20.85,0.983178
87000,22.1,1.03136
90000,22.45,0.814349
93000,24.3,1.2366
96000,27.7,0.923509
99000,27.5,1.13584
102000,30.45,0.91249
105000,30.1,1.26159
108000,33.25,0.974089
111000,36.45,1.19385
114000,37.15,1.07167
117000,38.9,1.02342
120000,39.6,1.57927
123000,42.45,1.7959
126000,43.5,1.50635
129000,47.8,1.77634
132000,52.4,1.44072
135000,53.35,1.77002
138000,50.55,1.33476
141000,54.55,1.83131
144000,57.7,1.81158
147000,63.6,1.65939
