num_count,mean_coll,std_dev
0,0,0
3000,0,0
6000,0,0
9000,0,0
12000,0.05,0.00256495
15000,0.05,0.00256495
18000,0,0
21000,0,0
24000,0.2,0.0102598
27000,0.05,0.00256495
30000,0.1,0.00512989
33000,0.25,0.0128247
36000,0,0
39000,0.35,0.0179546
42000,0.25,0.0897731
45000,0.15,0.00769484
48000,0.3,0.0359092
51000,0.25,0.0897731
54000,0.35,0.0179546
57000,0.55,0.106407
60000,0.3,0.0153897
63000,0.55,0.164657
66000,0.6,0.0598243
69000,0.6,0.0753937
72000,0.3,0.0809483
75000,0.6,0.137267
78000,0.7,0.17837
81000,0.55,0.103904
84000,0.65,0.0906482
87000,1.05,0.223622
90000,0.75,0.126309
93000,1.25,0.192371
96000,1.15,0.128989
99000,1.35,0.167979
102000,1.4,0.246875
105000,1.15,0.159955
108000,1.3,0.1856
111000,1.3,0.192559
114000,1.35,0.136907
117000,1.2,0.139925
120000,1.75,0.240955
123000,1.05,0.217658
126000,1.95,0.267062
129000,1.65,0.239641
132000,1.4,0.177408
135000,2.2,0.279285
138000,2.1,0.367817
141000,1.85,0.282947
144000,2.65,0.418086
147000,2.85,0.34421
